  3 10 10 64.18 53.87 54.13 1438440 0.00 0.00 0.00     0 63.93 47.93 48.59 480325     0 101.496
  3 20 20 58.19 49.51 50.56 335696 0.00 0.00 0.00     0 58.15 46.40 47.63 112333     0 104.691
  3 25 25 55.00 47.18 48.56 178080 0.00 0.00 0.00     0 54.97 45.26 46.86 59736     0 105.626
  3  1  1 69.81 60.97 61.05 5206688 0.00 0.00 0.00     0 68.82 50.40 50.87 1748157     0 109.350
  3 30 30 51.28 44.85 46.58 98760 0.00 0.00 0.00     0 51.27 43.82 45.70 33277     0 109.517
  3 20 20 53.07 50.77 50.74 368328 0.00 0.00 0.00     0 52.78 50.23 50.45 133202     0 56.071
  3 10 10 59.35 55.18 54.91 1236040 0.00 0.00 0.00     0 58.79 54.52 54.28 487040     0 56.642
  3 25 25 50.14 48.26 48.40 207608 0.00 0.00 0.00     0 49.95 47.86 48.24 74066     0 57.129
  3 30 30 46.81 45.94 46.05 112992 0.00 0.00 0.00     0 46.65 45.32 45.94 39624     0 59.260
  3  1  1 66.00 61.31 60.84 3929120 0.00 0.00 0.00     0 64.86 59.92 59.50 1737088     0 60.688
  3 20 20 53.77 49.57 50.58 437152 0.00 0.00 0.00     0 52.57 46.59 47.92 154224     0 77.235
  3 25 25 51.11 47.30 48.67 233760 0.00 0.00 0.00     0 50.48 45.36 46.93 78392     0 78.483
  3 30 30 47.90 44.96 46.56 127344 0.00 0.00 0.00     0 47.68 43.89 45.71 42810     0 79.062
  3 10 10 59.31 53.88 54.14 1815432 0.00 0.00 0.00     0 57.48 50.15 51.07 912957     0 79.235
  3  1  1 65.35 60.89 60.98 6244976 0.00 0.00 0.00     0 62.61 54.50 55.39 3737450     0 91.920
  3 20 20 57.04 54.54 59.15 207184 0.00 0.00 0.00     0 57.04 54.54 59.15 69442     0 80.804
  3 10 10 61.33 57.90 61.21 736536 0.00 0.00 0.00     0 61.33 57.90 61.21 245920     0 81.013
  3  1  1 67.72 67.06 70.16 1994088 0.00 0.00 0.00     0 67.71 67.05 70.16 665320     0 81.709
  3 25 25 54.81 50.88 52.58 149416 0.00 0.00 0.00     0 54.81 50.88 52.58 50176     0 81.949
  3 30 30 51.02 47.17 48.18 102560 0.00 0.00 0.00     0 51.02 47.17 48.18 34549     0 85.045
 10 10 10 55.86 58.29 59.11 2441728 0.00 0.00 0.00     0 55.63 57.97 58.72 1588191     0 582.042
 10 10 10 53.58 55.34 56.04 2896600 0.00 0.00 0.00     0 53.12 54.75 55.46 2168352     0 582.683
 10 10 10 55.64 57.91 58.66 2467112 0.00 0.00 0.00     0 55.34 57.47 58.17 1617986     0 586.955
  3  5  5 58.61 0.00 0.00 3188336 0.00 0.00 0.00     0 58.12 0.00 0.00 2856069     0 110.883
